20
10
0
1 2 4 6 9
0 0 1

1 x 2
1 X 2
1 . 5

2 0 2
2 1 2
2 2 2
2 3 2
2 4 2
2 5 2
2 6 2
2 7 2
2 8 2
2 9 2
2 a 2
2 b 2
2 c 2
2 d 2
2 e 2
2 f 2

0 1 4
0 2 4
0 3 4
0 4 4
0 5 4
0 6 4
0 7 4
0 8 4
0 9 4

4 0 4
4 1 4
4 2 4
4 3 4
4 4 4
4 5 4
4 6 4
4 7 4
4 8 4
4 9 4

4 . 5

5 0 6
5 1 6
5 2 6
5 3 6
5 4 6
5 5 6
5 6 6
5 7 6
5 8 6
5 9 6

6 0 6
6 1 6
6 2 6
6 3 6
6 4 6
6 5 6
6 6 6
6 7 6
6 8 6
6 9 6

6 e 7
6 E 7

7 + 8
7 - 8

7 0 9
7 1 9
7 2 9
7 3 9
7 4 9
7 5 9
7 6 9
7 7 9
7 8 9
7 9 9

8 0 9
8 1 9
8 2 9
8 3 9
8 4 9
8 5 9
8 6 9
8 7 9
8 8 9
8 9 9

9 0 9
9 1 9
9 2 9
9 3 9
9 4 9
9 5 9
9 6 9
9 7 9
9 8 9
9 9 9

0 + 10
0 - 10

10 0 1

10 1 4
10 2 4
10 3 4
10 4 4
10 5 4
10 6 4
10 7 4
10 8 4
10 9 4